[[0.0000, 0.0000, 0.0000, 0.0000],
[0.0000, 0.0000, 0.0000, 0.0000],
[0.0000, 0.0000, 0.0000, 0.0000],
[-0.0030, -0.0335, 0.0500, -0.0483],
[-0.0065, -0.0629, 0.0927, -0.0863],
[0.0199, -0.0898, 0.1427, -0.1178],
[0.0687, -0.1130, 0.1927, -0.1378],
[0.1187, -0.1316, 0.2427, -0.1396],
[0.1687, -0.1460, 0.2916, -0.1194],
[0.2187, -0.1572, 0.3367, -0.0751],
[0.2687, -0.1661, 0.3759, -0.0251],
[0.3187, -0.1737, 0.4090, 0.0249],
[0.3687, -0.1803, 0.4372, 0.0749],
[0.4187, -0.1860, 0.4620, 0.1249],
[0.4687, -0.1907, 0.4843, 0.1749],
[0.5187, -0.1944, 0.5046, 0.2249],
[0.5659, -0.1967, 0.5229, 0.2749],
[0.6032, -0.1979, 0.5397, 0.3249],
[0.6186, -0.1979, 0.5572, 0.3749],
[0.6022, -0.1976, 0.5796, 0.4212],
[0.5623, -0.1978, 0.6138, 0.4355],
[0.5224, -0.1992, 0.6637, 0.3932],
[0.4900, -0.2003, 0.7137, 0.3432],
[0.4609, -0.1993, 0.7611, 0.2932],
[0.4316, -0.1950, 0.8013, 0.2432],
[0.4017, -0.1870, 0.8307, 0.1952],
[0.3721, -0.1751, 0.8460, 0.1604],
[0.3434, -0.1597, 0.8456, 0.1508],
[0.3161, -0.1413, 0.8303, 0.1731],
[0.2901, -0.1207, 0.8027, 0.2231],
[0.2656, -0.0985, 0.7663, 0.2731],
[0.2422, -0.0750, 0.7224, 0.3231],
[0.2198, -0.0505, 0.6724, 0.3731],
[0.1985, -0.0253, 0.6224, 0.4231],
[0.1784, -0.0004, 0.5728, 0.4731],
[0.1597, 0.0236, 0.5262, 0.5231],
[0.1422, 0.0457, 0.4856, 0.5731],
[0.1259, 0.0654, 0.4536, 0.6231],
[0.1106, 0.0823, 0.4314, 0.6731],
[0.0965, 0.0962, 0.4185, 0.7231],
[0.0835, 0.1072, 0.4131, 0.7731],
[0.0716, 0.1157, 0.4127, 0.8231],
[0.0610, 0.1219, 0.4151, 0.8720],
[0.0516, 0.1260, 0.4185, 0.9180],
[0.0435, 0.1280, 0.4221, 0.9599],
[0.0366, 0.1278, 0.4260, 0.9964],
[0.0309, 0.1251, 0.4307, 1.0265],
[0.0261, 0.1213, 0.4350, 1.0527],
[0.0222, 0.1181, 0.4386, 1.0786],
[0.0190, 0.1155, 0.4438, 1.1044],
[0.0163, 0.1133, 0.4522, 1.1291],
[0.0140, 0.1111, 0.4640, 1.1518],
[0.0121, 0.1086, 0.4790, 1.1717],
[0.0104, 0.1058, 0.4967, 1.1888],
[0.0090, 0.1029, 0.5164, 1.2031],
[0.0077, 0.0998, 0.5375, 1.2151],
[0.0066, 0.0968, 0.5595, 1.2251],
[0.0056, 0.0939, 0.5821, 1.2335],
[0.0048, 0.0913, 0.6051, 1.2409],
[0.0041, 0.0890, 0.6282, 1.2473],
[0.0035, 0.0870, 0.6514, 1.2531],
[0.0030, 0.0854, 0.6746, 1.2585],
[0.0026, 0.0842, 0.6976, 1.2634],
[0.0022, 0.0833, 0.7205, 1.2680],
[0.0019, 0.0827, 0.7431, 1.2723],
[0.0017, 0.0825, 0.7654, 1.2765],
[0.0015, 0.0827, 0.7872, 1.2805],
[0.0013, 0.0831, 0.8087, 1.2844],
[0.0011, 0.0839, 0.8296, 1.2882],
[0.0010, 0.0850, 0.8499, 1.2919],
[0.0009, 0.0864, 0.8697, 1.2956],
[0.0008, 0.0880, 0.8888, 1.2992],
[0.0007, 0.0899, 0.9072, 1.3029],
[0.0006, 0.0920, 0.9250, 1.3064],
[0.0006, 0.0943, 0.9420, 1.3100],
[0.0005, 0.0967, 0.9582, 1.3135],
[0.0005, 0.0993, 0.9737, 1.3169],
[0.0004, 0.1019, 0.9884, 1.3202],
[0.0004, 0.1046, 1.0023, 1.3234],
[0.0003, 0.1073, 1.0153, 1.3265],
[0.0003, 0.1100, 1.0274, 1.3294],
[0.0003, 0.1126, 1.0387, 1.3322],
[0.0003, 0.1152, 1.0490, 1.3347],
[0.0002, 0.1176, 1.0584, 1.3371],
[0.0002, 0.1198, 1.0669, 1.3392],
[0.0002, 0.1219, 1.0743, 1.3410],
[0.0002, 0.1237, 1.0808, 1.3426],
[0.0002, 0.1252, 1.0862, 1.3438],
[0.0001, 0.1265, 1.0905, 1.3448],
[0.0001, 0.1274, 1.0936, 1.3454],
[0.0001, 0.1279, 1.0956, 1.3456],
[0.0001, 0.1281, 1.0964, 1.3455],
[0.0001, 0.1278, 1.0960, 1.3449],
[0.0001, 0.1274, 1.0948, 1.3442],
[0.0001, 0.1258, 1.0961, 1.3398],
[0.0001, 0.1216, 1.1031, 1.3270],
[0.0001, 0.1144, 1.1164, 1.3045],
[0.0001, 0.1048, 1.1352, 1.2731],
[0.0001, 0.0932, 1.1583, 1.2339],
[0.0001, 0.0804, 1.1847, 1.1883],
[0.0002, 0.0670, 1.2134, 1.1383],
[0.0002, 0.0534, 1.2438, 1.0883],
[0.0002, 0.0401, 1.2754, 1.0383],
[0.0002, 0.0275, 1.3079, 0.9883],
[0.0001, 0.0159, 1.3408, 0.9383],
[0.0000, 0.0057, 1.3737, 0.8883],
[-0.0001, -0.0027, 1.4063, 0.8383],
[-0.0003, -0.0090, 1.4380, 0.7883],
[-0.0004, -0.0127, 1.4682, 0.7383],
[-0.0005, -0.0137, 1.4965, 0.6883],
[-0.0006, -0.0117, 1.5222, 0.6383],
[-0.0006, -0.0064, 1.5447, 0.5883],
[-0.0005, 0.0022, 1.5633, 0.5383],
[-0.0004, 0.0141, 1.5707, 0.4883],
[-0.0001, 0.0293, 1.5707, 0.4383],
[0.0001, 0.0475, 1.5707, 0.3883],
[0.0004, 0.0684, 1.5707, 0.3383],
[0.0007, 0.0918, 1.5707, 0.2883],
[0.0009, 0.1171, 1.5613, 0.2383],
[0.0011, 0.1439, 1.5382, 0.1883],
[0.0012, 0.1719, 1.5086, 0.1383],
[0.0013, 0.2006, 1.4726, 0.0883],
[0.0013, 0.2297, 1.4309, 0.0383],
[0.0013, 0.2588, 1.3843, -0.0117],
[0.0012, 0.2878, 1.3343, -0.0617],
[0.0012, 0.3164, 1.2843, -0.1117],
[0.0011, 0.3446, 1.2343, -0.1617],
[0.0010, 0.3722, 1.1843, -0.2117],
[0.0009, 0.3992, 1.1343, -0.2617],
[0.0009, 0.4254, 1.0843, -0.3117],
[0.0008, 0.4507, 1.0343, -0.3614],
[0.0008, 0.4746, 0.9843, -0.4078],
[0.0007, 0.4967, 0.9343, -0.4477],
[0.0006, 0.5166, 0.8851, -0.4792],
[0.0005, 0.5335, 0.8395, -0.5016],
[0.0003, 0.5467, 0.8011, -0.5160],
[0.0002, 0.5552, 0.7738, -0.5247],
[-0.0000, 0.5583, 0.7604, -0.5305],
[-0.0002, 0.5555, 0.7629, -0.5361],
[-0.0003, 0.5493, 0.7743, -0.5409],
[-0.0003, 0.5439, 0.7835, -0.5431],
[-0.0002, 0.5400, 0.7866, -0.5422],
[-0.0002, 0.5377, 0.7837, -0.5389],
[-0.0001, 0.5363, 0.7765, -0.5340],
[-0.0001, 0.5352, 0.7670, -0.5279],
[-0.0001, 0.5339, 0.7566, -0.5212],
[-0.0001, 0.5322, 0.7462, -0.5139],
[-0.0002, 0.5299, 0.7362, -0.5062],
[-0.0002, 0.5272, 0.7265, -0.4979],
[-0.0002, 0.5240, 0.7171, -0.4892],
[-0.0003, 0.5206, 0.7077, -0.4800],
[-0.0003, 0.5169, 0.6981, -0.4703],
[-0.0003, 0.5131, 0.6881, -0.4601],
[-0.0003, 0.5092, 0.6777, -0.4494],
[-0.0003, 0.5054, 0.6668, -0.4382],
[-0.0003, 0.5015, 0.6554, -0.4266],
[-0.0003, 0.4978, 0.6434, -0.4146],
[-0.0002, 0.4942, 0.6308, -0.4021],
[-0.0002, 0.4907, 0.6176, -0.3892],
[-0.0002, 0.4874, 0.6038, -0.3759],
[-0.0002, 0.4844, 0.5894, -0.3622],
[-0.0002, 0.4816, 0.5743, -0.3481],
[-0.0002, 0.4792, 0.5587, -0.3336],
[-0.0001, 0.4770, 0.5424, -0.3189],
[-0.0001, 0.4753, 0.5254, -0.3038],
[-0.0001, 0.4739, 0.5079, -0.2885],
[-0.0001, 0.4729, 0.4898, -0.2729],
[-0.0001, 0.4724, 0.4712, -0.2572],
[-0.0001, 0.4723, 0.4520, -0.2413],
[-0.0000, 0.4726, 0.4323, -0.2252],
[-0.0000, 0.4735, 0.4123, -0.2092],
[0.0000, 0.4748, 0.3919, -0.1931],
[0.0000, 0.4766, 0.3712, -0.1771],
[0.0000, 0.4788, 0.3504, -0.1613],
[0.0001, 0.4815, 0.3296, -0.1457],
[0.0001, 0.4846, 0.3089, -0.1305],
[0.0001, 0.4880, 0.2887, -0.1158],
[0.0001, 0.4916, 0.2691, -0.1018],
[0.0001, 0.4954, 0.2505, -0.0888],
[0.0001, 0.4992, 0.2335, -0.0770],
[0.0001, 0.5027, 0.2186, -0.0668],
[0.0001, 0.5057, 0.2065, -0.0587],
[0.0001, 0.5078, 0.1986, -0.0534],
[0.0001, 0.5089, 0.1948, -0.0509]]